%YAML:1.0
mm_per_unit: 10.0
corners: 


#  - [[-37.5,37.5,0],[37.5,37.5,0],[37.5,-37.5,0],[-37.5,-37.5,0]] 
# ids:  
#  - 1 

  - [[-11,37.5,0],[11,37.5,0],[11,15.5,0],[-11,15.5,0]] 
  - [[-37.5,11,0],[-15.5,11,0],[-15.5,-11,0],[-37.5,-11,0]] 
  - [[15.5,11,0],[37.5,11,0],[37.5,-11,0],[15.5,-11,0]] 
  - [[-11,-15.5,0],[11,-15.5,0],[11,-37.5,0],[-11,-37.5,0]] 
ids:  
 - 0 
 - 1
 - 2
 - 3