%YAML:1.0
mm_per_unit: 1000.0
corners: 
 - [[-0.375, 0.375, 0.000],[0.375, 0.375, 0.000],[0.375, -0.375, 0.000],[-0.375, -0.375, 0.000]]
 - [[0.287, -12.735, 0.324],[0.302, -13.485, 0.324],[-0.448, -13.500, 0.324],[-0.463, -12.750, 0.324]]
 - [[-6.816, -3.707, 0.156],[-7.566, -3.686, 0.156],[-7.545, -2.936, 0.156],[-6.795, -2.957, 0.156]]
 - [[7.246, -3.803, 0.053],[7.250, -3.053, 0.053],[8.000, -3.057, 0.053],[7.996, -3.807, 0.053]]
ids:  
 - 0 
 - 1
 - 2
 - 3
camera_matrix: !!opencv-matrix
 rows: 3
 cols: 3
 dt: f
 data: [1800.34, 0, 677.35, 0, 1794.515, 520.4012, 0, 0, 1 ]
distortion_coefficients: !!opencv-matrix
 rows: 1
 cols: 5
 dt: f
 data: [-0.23439610909332634, 0.21701958114249134, 0.00009828036369, -0.002553866090183632, 0.0]
