m1 : [21.0064966,105.8429649,1,2]
m2 : [21.0064966,105.8429649,1,2]
m3 : [21.0065160,105.8429543,3,2]
m4 : [21.0065160,105.8429543,2.3]

count: 4