offsetX: 0.335795299615711
offsetY: 1.363195595797151